1 1.438891 -5.008613
1 2.448843 -5.415434
1 4.098009 -4.950417
1 6.546202 -4.110581
1 7.100581 -4.110532
1 6.517096 -4.480986
1 7.223918 -6.198371
1 6.696199 -4.883483
1 4.084597 -2.513571
1 7.724298 -6.288401
1 4.252074 -4.674363
1 3.736550 -5.154967
1 5.285952 -6.391531
1 7.193590 -5.283851
1 4.298578 -5.602300
1 7.192324 -5.077085
1 4.917442 -6.037787
1 11.398570 -2.641654
1 6.675139 -6.117824
1 1.247868 -5.697332
1 2.607746 -4.559677
1 4.613122 -5.860387
1 5.966322 -4.212326
1 4.084473 -4.444892
1 7.305096 -6.125417
1 3.458433 -5.739356
1 4.935935 -5.974905
1 6.143707 -3.680955
1 1.690086 -4.994861
1 2.635918 -4.159956
1 6.359575 -3.654897
1 2.863784 -5.664760
1 4.942842 -4.999737
1 5.682754 -4.129501
1 5.283883 -5.576760
1 5.688904 -4.882371
1 6.233614 -6.074538
1 5.956829 -7.115983
1 4.802816 -3.419486
1 5.127341 -4.577929
1 5.316082 -5.123771
1 5.351482 -5.255378
1 7.167820 -5.711204
1 6.048478 -3.585592
1 4.857867 -6.926369
1 5.848412 -5.602507
1 2.707322 -5.541271
1 4.188690 -5.383811
1 6.160629 -4.547354
1 1.791611 -6.104409
1 4.249496 -4.711327
1 3.364053 -4.596204
1 7.346067 -4.887779
1 3.075227 -4.893537
1 5.314038 -3.925669
1 6.991903 -5.463244
1 7.481518 -5.201172
1 3.408420 -5.259705
1 6.206598 -4.256089
1 4.907333 -4.178630
1 2.819141 -4.544539
1 3.922375 -5.237556
1 3.344303 -5.937046
1 6.612178 -5.142259
1 5.846296 -4.812112
1 4.232878 -3.684067
1 1.248995 -4.936225
1 3.772025 -3.854747
1 3.893821 -6.225522
1 3.947005 -5.327334
1 6.302208 -6.225268
1 7.773203 -6.775703
1 3.544016 -5.940323
1 8.209345 -5.778273
1 4.059291 -1.395402
1 1.266392 -4.315666
1 9.178037 -3.933216
1 7.963434 -4.720955
1 1.408793 -5.621902
1 10.440312 -3.236451
1 2.651895 -6.234259
1 2.951434 -5.105325
1 5.644210 -3.296824
1 5.831752 -5.819348
1 3.672642 -4.680811
1 2.156243 -5.410420
1 8.126404 -5.436163
1 4.756315 -5.768756
1 6.226546 -3.896316
1 7.959708 -3.637388
1 5.192926 -4.177771
1 4.920617 -4.658049
1 4.484767 -5.447700
1 3.811305 -4.346932
1 5.767765 -6.041347
1 0.518007 -4.646098
1 6.543719 -4.985527
1 5.690712 -3.805085
1 6.659020 -5.820404
1 4.531806 -6.848813
2 8.820855 3.446665
2 5.771711 5.086435
2 7.748487 -0.269293
2 7.790977 3.509552
2 3.511654 5.898822
2 3.527873 5.763182
2 3.605576 5.363823
2 4.797390 5.375646
2 5.229537 6.735358
2 8.539670 1.655350
2 2.625125 5.232807
2 2.755667 6.026721
2 5.048621 6.182525
2 5.957966 4.447692
2 4.758271 5.624626
2 7.954270 1.171673
2 4.315813 8.465971
2 7.655659 2.542368
2 1.982547 5.085504
2 6.704505 3.474193
2 4.839315 5.432301
2 4.913617 5.563833
2 2.276668 8.895728
2 2.863314 3.785298
2 8.552018 2.982953
2 6.485629 3.120002
2 4.146478 8.013655
2 7.201921 2.048740
2 1.619753 6.453476
2 3.448545 8.385462
2 4.318808 4.665802
2 3.005311 5.415720
2 6.753187 5.852243
2 7.510110 2.200453
2 9.381077 2.893400
2 8.775963 -0.290603
2 2.180051 5.938603
2 4.848405 4.801675
2 0.823940 10.560417
2 5.232202 6.981246
2 3.112989 7.473007
2 5.741265 3.731906
2 6.185130 2.994683
2 2.799581 5.785052
2 6.958785 7.146492
2 3.349853 2.301071
2 5.529971 3.908107
2 6.371052 3.595696
2 6.597220 8.169830
2 3.278949 7.368973
2 3.709532 5.754679
2 7.884811 3.622360
2 3.760117 5.178019
2 2.438466 3.981877
2 4.087162 5.177851
2 6.132080 6.033341
2 3.392051 1.335449
2 8.475696 2.525292
2 5.588097 2.690129
2 6.943502 2.992443
2 2.649630 7.607860
2 5.818089 6.902469
2 4.061042 6.759252
2 5.922368 1.049843
2 2.885325 3.253159
2 7.474816 3.632039
2 6.128741 2.613525
2 6.623176 5.142581
2 10.477418 5.039257
2 5.043254 4.504811
2 6.353897 4.436960
2 5.970798 6.573582
2 4.325402 1.669196
2 5.017169 3.745412
2 3.699634 7.934590
2 5.062722 4.488276
2 3.833721 3.641893
2 4.418393 3.055545
2 5.562117 3.631276
2 0.280628 7.585481
2 4.608417 5.090882
2 6.880100 4.254664
2 7.550019 2.705346
2 2.426404 2.854749
2 4.293036 5.931338
2 6.942009 5.377978
2 7.383831 4.267604
2 5.975421 3.632331
2 6.488931 3.021583
2 0.688985 5.995328
2 3.337283 7.879362
2 4.898337 9.807310
2 5.885577 4.384360
2 3.870878 6.188591
2 6.234941 3.197623
2 4.477620 7.081272
2 6.486618 6.119488
2 1.407088 7.103915
2 4.508145 4.120334
2 5.728192 3.456787
3 2.438043 2.431266
3 1.754845 1.774621
3 1.535343 -0.037815
3 0.019218 -0.386216
3 3.657392 -0.031485
3 0.108640 1.177439
3 -0.744541 0.011845
3 1.122618 -0.718240
3 -2.072512 0.252355
3 -3.506149 -2.413931
3 -0.648719 -2.191134
3 -1.027721 1.890831
3 2.441923 1.122622
3 3.119019 3.021489
3 -2.231146 -0.942593
3 0.843798 1.163038
3 -3.585743 -1.213745
3 2.414167 -1.992579
3 -2.381722 -2.861973
3 5.733858 4.088830
3 0.913094 0.310760
3 -0.891556 0.348657
3 -0.154357 -0.776504
3 -0.663580 -1.496382
3 4.078168 0.595419
3 0.332494 1.057265
3 -4.825994 -4.564492
3 2.936725 0.727537
3 -1.422830 1.267331
3 -1.110343 -0.300559
3 -2.838434 0.337874
3 1.095724 0.648209
3 -0.365481 -1.359225
3 -2.689491 -4.146347
3 -3.088912 1.938228
3 -0.733719 0.363543
3 4.936534 2.632094
3 1.134594 0.791375
3 -2.359306 -1.984275
3 2.560846 0.522937
3 0.896448 1.664331
3 -0.010879 -0.479704
3 4.239704 0.738628
3 0.806227 3.251158
3 -0.201858 1.025922
3 0.898015 1.263821
3 -1.632435 -2.742416
3 -5.097730 -1.964503
3 3.981794 0.887097
3 -1.771309 1.306400
3 -0.559495 -2.111051
3 -2.549527 -1.366638
3 -0.876883 0.203735
3 0.660590 0.600460
3 1.160300 -3.244124
3 2.552742 -1.007620
3 3.147967 4.423585
3 -0.428883 3.135270
3 4.878612 2.264298
3 0.730459 1.306462
3 -2.079844 -5.077566
3 -1.210869 1.171290
3 -1.330206 0.053086
3 -0.145420 -0.661186
3 -4.463854 0.201753
3 2.192092 0.289450
3 -2.598136 -2.599464
3 0.536792 1.078784
3 0.420201 0.973965
3 1.450896 0.035338
3 0.681333 -3.373312
3 1.374447 1.521896
3 -1.818311 -1.670338
3 -1.162487 -1.124120
3 0.187296 1.541552
3 1.271206 0.421193
3 -0.096758 2.711430
3 1.643725 2.083320
3 -2.117626 -1.018866
3 0.964836 2.309006
3 -5.437191 -1.447412
3 -1.074735 -0.057218
3 -0.336627 -1.892338
3 -3.736848 -1.968230
3 -0.641377 0.242739
3 -0.588476 -2.244872
3 2.372397 0.110754
3 1.020425 -2.364835
3 -1.622556 -1.375782
3 1.777244 1.622862
3 -0.627157 -0.578061
3 -0.979561 -1.340484
3 -2.549796 -3.030676
3 0.888669 -0.579893
3 -0.611890 2.277210
3 1.915526 0.732596
3 -0.325044 -1.136789
3 -1.418027 0.902987
3 -0.881566 0.151170
3 -1.554863 -2.909832
4 -4.123536 8.087857
4 -8.675814 4.864518
4 -3.468729 2.160120
4 -3.862581 0.736643
4 -7.613006 3.956001
4 -6.707289 8.427179
4 -4.656264 3.512846
4 2.308282 1.032758
4 -4.985024 4.276349
4 -11.146295 3.455049
4 -4.453289 2.364568
4 -3.196065 5.120890
4 -6.992668 3.718639
4 -6.084221 8.247432
4 -6.415676 5.535477
4 -7.112927 6.926143
4 -4.839106 5.123017
4 -7.842061 4.421040
4 -1.955180 4.290698
4 -5.340437 8.866073
4 -5.002298 3.139100
4 -3.485466 1.025529
4 -2.063787 5.966748
4 -6.779534 6.162597
4 -6.914028 4.226062
4 -5.709217 5.054483
4 -7.617337 3.857368
4 -5.428112 5.469764
4 -7.338377 3.907813
4 -3.434178 6.550544
4 -2.842663 2.705458
4 -2.390550 5.068929
4 -8.820680 3.673804
4 -2.852130 3.779156
4 -7.556311 9.477654
4 -3.271080 5.418797
4 -5.226996 4.374812
4 -4.027884 4.669113
4 -4.734995 3.503740
4 -5.688316 8.349834
4 -6.099297 1.397964
4 -2.709227 5.617592
4 -3.614966 4.763404
4 -6.941268 6.435945
4 -7.224401 3.299459
4 -5.056438 3.524928
4 -4.555363 6.647692
4 -0.404046 5.754524
4 0.525588 2.294060
4 -5.899796 2.913619
4 -4.684120 8.259092
4 -4.495348 2.075858
4 -2.034877 5.011620
4 -4.200524 7.520767
4 -6.322648 6.479682
4 -4.275526 1.635550
4 -4.036563 5.771982
4 -4.254017 0.253404
4 -4.835675 4.825554
4 -8.846200 5.139151
4 -3.507480 7.536038
4 -4.885803 1.471598
4 -5.953362 6.336445
4 -6.300700 7.911688
4 -2.837356 1.991824
4 -2.654149 7.057694
4 -5.936711 4.524303
4 -1.668879 4.907236
4 -7.327549 2.630628
4 -6.075605 3.576027
4 -5.400548 5.257627
4 -4.982924 6.788474
4 -4.325743 5.442698
4 -8.965464 9.182530
4 -4.846004 6.509007
4 -3.649798 6.307049
4 -3.902563 3.820925
4 -0.394836 1.237834
4 -5.535931 0.807814
4 -7.587476 5.384413
4 -4.816076 3.964779
4 -6.730996 0.241840
4 -4.742476 1.942363
4 -5.924959 7.563551
4 -5.683288 10.186472
4 -4.333363 5.093161
4 -10.519719 4.386045
4 -5.132515 0.744934
4 -5.243766 5.424097
4 -4.191113 5.658784
4 -3.161875 5.830950
4 -2.956568 8.848950
4 -4.500379 4.505424
4 -6.656124 4.225132
4 -5.743251 1.231092
4 -7.681971 2.664174
4 -5.771256 7.676865
4 -4.835651 8.300775
4 -7.554724 9.049391
4 -4.371192 7.965508
5 -6.303418 -3.879137
5 -3.989938 -6.569375
5 -5.856679 -8.129035
5 -5.135198 -4.143037
5 -5.280674 -3.123161
5 -2.259963 -5.439755
5 -4.505383 -6.488420
5 -6.617973 -3.799730
5 -5.040484 -4.784298
5 -5.670265 -3.583880
5 -4.789437 -4.218970
5 -4.575161 -2.279626
5 -4.947050 -4.098370
5 -3.860464 -3.661351
5 -4.292600 -0.197735
5 -4.014218 -7.887761
5 -4.120795 -4.301765
5 -4.907151 -5.813162
5 -5.951077 -4.096578
5 -5.812438 -2.779748
5 -5.127556 -2.396912
5 -3.326897 -4.106041
5 -3.795235 -3.311741
5 -2.991925 -3.645912
5 -5.978465 -2.461406
5 -4.561393 -3.333164
5 -6.432920 -7.806650
5 -5.064842 -5.148932
5 -5.562087 -6.563029
5 -6.662393 -6.053861
5 -5.982464 -5.464604
5 -5.790552 -5.383105
5 -6.288832 -4.587098
5 -5.241048 -4.073072
5 -4.602982 -1.605351
5 -4.827521 -2.781051
5 -5.180964 -8.980577
5 -4.453176 -3.339663
5 -4.706907 -3.213916
5 -5.189708 -3.883938
5 -5.848418 -4.492627
5 -5.588568 -7.830787
5 -5.442535 -5.092651
5 -4.470577 -7.678508
5 -4.402190 -4.421549
5 -3.884194 -5.142600
5 -4.248455 -9.346387
5 -3.962612 -6.808756
5 -6.157927 -5.784358
5 -5.282595 -5.746784
5 -5.306501 -6.657579
5 -7.063687 -6.314845
5 -5.748105 -4.195121
5 -5.522589 -7.998641
5 -5.787865 -2.808369
5 -5.566109 -9.174251
5 -4.905284 -8.394052
5 -4.686514 -4.809454
5 -5.346160 -3.316154
5 -5.591256 -7.119651
5 -5.347030 -2.940168
5 -4.914041 -7.290576
5 -5.862943 -3.837838
5 -4.730258 -9.991909
5 -4.790123 -4.505713
5 -5.142276 -7.995605
5 -6.699756 -3.246163
5 -4.264785 -4.090886
5 -4.629025 -5.921340
5 -5.233194 -8.699877
5 -5.309614 -0.603927
5 -4.423334 -5.641201
5 -4.431066 -7.976137
5 -7.291599 -2.304364
5 -4.884637 -4.267164
5 -4.507164 -7.372590
5 -6.998900 -5.346666
5 -3.708656 -7.660405
5 -7.207074 -3.589451
5 -3.052091 -4.741908
5 -5.234584 -7.699926
5 -5.700264 -3.645893
5 -5.783111 -7.566288
5 -4.143918 -2.567315
5 -3.523485 -5.212944
5 -3.143095 -6.083284
5 -5.750886 -9.341070
5 -4.334853 -2.013069
5 -3.991329 -3.900492
5 -1.832292 -5.328686
5 -5.458710 -4.427089
5 -2.410329 -2.394401
5 -4.565524 -4.365927
5 -4.042972 -5.878767
5 -4.533520 -6.067441
5 -2.463074 -4.772377
5 -4.295402 -5.415123
5 -4.914934 -4.954521
5 -3.817835 -5.591198
5 -4.420615 -5.096671
