1 -4.840798 5.117552
1 -2.458894 5.701029
1 -5.195775 6.207984
1 -6.059512 4.324269
1 -5.864124 8.061702
1 -5.862612 3.905275
1 -8.401542 6.751402
1 -4.566879 6.882557
1 -10.690458 3.963868
1 -5.930223 8.631377
1 -8.835472 2.525107
1 -1.046683 5.128663
1 -3.070018 6.265891
1 -5.645132 7.001085
1 -7.700482 5.002800
1 -6.508689 6.146581
1 -5.568405 5.630942
1 -7.615612 4.162013
1 -7.174587 6.702648
1 -6.305689 5.841667
1 -6.289057 7.080807
1 -10.606050 5.485308
1 -5.781631 7.901122
1 -7.064834 8.940676
1 -5.913687 6.036723
1 -7.374961 7.886399
1 -7.826264 6.393444
1 -4.889672 6.199693
1 -5.993513 6.189824
1 -8.764736 5.561491
1 -8.844429 6.811591
1 -7.209428 2.802124
1 -6.329316 7.584156
1 -4.924823 7.756102
1 -4.745432 6.579274
1 -7.413062 5.223064
1 -8.036262 3.771492
1 -2.847646 7.346830
1 -6.088140 6.106813
1 -7.611444 5.901974
1 -1.915475 9.110851
1 -6.643973 7.367286
1 -5.641984 5.370162
1 -6.589883 5.845243
1 -4.821840 7.034228
1 -6.498069 4.552498
1 -6.920002 6.121794
1 -6.456145 4.394543
1 -3.948931 5.022739
1 -6.556389 6.155686
1 -4.935770 6.642016
1 -6.648917 6.998107
1 -4.346834 7.716009
1 -4.273678 7.786713
1 -3.689400 5.946048
1 -5.041924 6.970618
1 -4.365832 7.113495
1 -5.170772 7.312472
1 -6.194645 4.724205
1 -5.284321 6.240777
1 -3.628628 6.111048
1 -5.005267 7.523227
1 -3.792014 3.852673
1 -7.521644 6.134595
1 -10.524327 5.506671
1 -8.621562 6.481537
1 -5.130006 8.436323
1 -4.827570 4.196307
1 -5.762496 5.325732
1 -9.524156 6.518332
1 -5.317222 4.529547
1 -6.305811 5.943033
1 -5.242257 4.999039
1 -6.943955 6.619823
1 -8.239104 5.996677
1 -6.505361 4.799182
1 -3.371207 7.837998
1 -2.933135 7.522777
1 -4.414440 7.719396
1 -8.554463 6.168550
1 -4.886503 7.861373
1 -7.328928 3.810844
1 -9.240968 4.209445
1 -5.721573 7.426404
1 -1.528611 8.713321
1 -8.299244 5.864562
1 -3.592762 5.434255
1 -5.477468 7.021435
1 -4.399827 8.016311
1 -8.933880 4.336528
1 -0.726235 3.068560
1 -9.041456 4.081439
1 -8.263078 3.065583
1 -7.940650 7.466516
1 -3.922630 3.993361
1 -6.433743 8.152359
1 -4.894597 6.402834
1 -4.495234 8.782632
1 -5.158309 5.859455
1 -5.440483 7.614409
2 5.467851 7.143192
2 4.666658 2.811830
2 5.458474 5.931940
2 6.329710 6.793166
2 5.984418 6.900887
2 4.366619 7.689029
2 5.910220 4.708251
2 7.476242 4.187562
2 5.931016 6.119463
2 6.028833 4.665310
2 5.725902 5.150890
2 3.840921 10.917394
2 4.293020 7.669333
2 7.322125 6.253992
2 6.982576 6.919256
2 6.365339 4.557933
2 7.352670 6.689490
2 4.778559 4.767112
2 6.141413 7.240156
2 4.705081 5.892887
2 3.597965 8.190277
2 5.884949 8.081100
2 5.372563 6.568365
2 5.995079 7.752702
2 5.572205 4.853356
2 7.429625 5.548144
2 4.493994 7.738391
2 3.468621 6.825210
2 10.030478 2.512296
2 6.578356 5.744193
2 6.061436 6.696309
2 7.511655 6.488142
2 5.681376 5.207330
2 4.823325 4.900049
2 4.798447 7.767190
2 5.281914 5.785087
2 3.749562 10.051823
2 5.005001 7.341569
2 6.184709 5.422808
2 7.616177 5.833118
2 6.153436 5.049934
2 5.375340 7.517646
2 6.106676 3.383455
2 6.485337 7.119992
2 6.615527 3.094623
2 7.414763 4.761887
2 5.696750 3.788181
2 4.678333 10.013311
2 7.250060 5.550708
2 6.856077 5.156577
2 5.350258 9.346140
2 9.636453 2.997326
2 7.341463 5.391788
2 7.943782 9.190289
2 5.571074 4.427434
2 7.137350 4.357754
2 6.038389 9.346391
2 5.883193 7.170267
2 6.631604 7.982420
2 2.377666 8.619884
2 4.400022 6.903109
2 6.606767 3.378899
2 4.849279 9.116631
2 5.852594 6.214938
2 5.891898 4.653923
2 6.056473 4.784214
2 8.153947 0.812974
2 6.158615 4.333785
2 5.227142 7.443736
2 4.733594 7.707097
2 6.884244 9.590862
2 8.711089 3.383406
2 6.026069 2.672940
2 5.666342 6.779228
2 7.742337 4.249972
2 4.079824 3.203589
2 6.398855 8.262636
2 4.826269 7.216107
2 8.667640 7.098301
2 6.667253 4.517971
2 7.324664 2.849501
2 6.497798 3.437566
2 3.510906 9.603717
2 4.548247 7.121997
2 4.841164 3.301556
2 5.853490 6.523036
2 2.727826 5.933097
2 3.880693 8.347186
2 5.698732 5.022646
2 3.778738 11.644196
2 8.389571 7.821603
2 4.966554 5.172007
2 5.324455 8.381972
2 6.223955 3.920863
2 3.197844 11.005298
2 7.052794 5.233477
2 6.663960 2.217933
2 6.461045 6.290381
2 5.020072 10.764075
2 6.260319 6.020469
3 9.548057 -4.604198
3 5.644163 -4.883978
3 3.098948 -6.665002
3 4.720450 -6.750450
3 5.280754 -7.634080
3 6.551214 -7.359955
3 5.214184 -7.010035
3 4.501319 -5.570802
3 6.266114 -6.498446
3 7.409320 -7.235339
3 5.393035 -6.108852
3 9.272581 -5.927981
3 7.573969 -7.551992
3 6.288452 -6.513595
3 5.882567 -5.951650
3 2.488989 -7.684890
3 6.320347 -6.405775
3 7.403174 -7.111169
3 2.373723 -7.207676
3 2.509304 -7.925014
3 4.042747 -6.572782
3 4.315140 -7.031588
3 6.516422 -6.873353
3 7.966836 -6.863299
3 4.332953 -6.297755
3 6.661669 -4.198669
3 3.623698 -4.445392
3 6.632038 -4.601775
3 4.331969 -5.868233
3 8.012795 -4.726077
3 8.336289 -7.456235
3 3.905801 -7.340446
3 5.107693 -6.597792
3 3.546698 -5.206492
3 9.089664 -8.258469
3 10.202383 -5.045911
3 7.141824 -6.112921
3 9.154576 -6.770368
3 6.674547 -6.408677
3 5.378621 -6.100811
3 7.940824 -5.856566
3 8.824760 -5.854681
3 6.929272 -5.711761
3 4.870755 -7.452032
3 5.007603 -5.834536
3 3.808942 -7.436501
3 5.463524 -5.297694
3 8.882811 -6.867157
3 9.085938 -6.601306
3 6.931061 -5.786762
3 7.807671 -5.269155
3 9.496475 -5.954077
3 3.631408 -5.863392
3 6.920892 -7.069690
3 8.341984 -5.894000
3 4.459392 -5.131948
3 7.186372 -5.673947
3 2.441743 -4.282559
3 4.343808 -5.217263
3 6.020738 -5.544446
3 4.645114 -6.352271
3 5.750285 -6.345377
3 7.587928 -5.356744
3 6.522902 -5.308846
3 4.022203 -7.161914
3 8.619865 -6.546073
3 5.127933 -8.012871
3 7.764619 -6.280154
3 1.662189 -6.143059
3 10.026628 -5.642745
3 4.271111 -6.859647
3 6.826832 -8.342748
3 6.013774 -4.923776
3 -0.169310 -6.178068
3 2.928102 -5.207115
3 3.703132 -5.760965
3 6.261562 -6.082366
3 8.175997 -5.351238
3 6.661463 -4.612848
3 6.190003 -6.355328
3 3.547505 -5.989276
3 4.917188 -7.217218
3 8.410620 -4.535066
3 9.045630 -7.096021
3 7.150803 -4.439109
3 5.460955 -6.562627
3 7.537813 -4.583646
3 8.767731 -4.095381
3 5.554947 -6.332526
3 5.462194 -7.179712
3 4.273224 -6.972264
3 4.992515 -6.028491
3 2.247103 -4.895400
3 7.088178 -5.966233
3 7.232132 -6.264319
3 11.447615 -5.477059
3 5.164972 -6.078691
3 4.121367 -6.081000
3 8.126838 -8.026175
3 9.988769 -6.716205
4 -6.861823 -7.105626
4 -4.875298 -7.147970
4 -7.851200 -7.834521
4 -7.073310 -8.166705
4 -8.133528 -7.626404
4 -4.638869 -7.012988
4 -7.248411 -5.118225
4 -6.254857 -4.675372
4 -5.581614 -6.475589
4 -5.753507 -7.719261
4 -5.244374 -8.164954
4 -7.577719 -4.926703
4 -7.650313 -5.185770
4 -7.909029 -8.407979
4 -5.671770 -6.644149
4 -5.422476 -7.381938
4 -5.838613 -7.428384
4 -6.131518 -1.119689
4 -5.226409 -9.884708
4 -4.595289 -8.133418
4 -5.666402 -4.753411
4 -5.793216 -5.435220
4 -7.851720 -7.733984
4 -5.285392 -8.623566
4 -5.796250 -4.387007
4 -7.375682 -3.300650
4 -5.405273 -4.955003
4 -7.020141 -7.217692
4 -6.255016 -8.334470
4 -5.981234 -5.724435
4 -6.293310 -9.766410
4 -6.512628 -8.391663
4 -6.893622 -7.038418
4 -7.350318 -5.305790
4 -6.403116 -8.529696
4 -5.879584 -7.091303
4 -6.448992 -9.052715
4 -6.982622 -7.438023
4 -4.945510 -6.840596
4 -6.768104 -2.104875
4 -7.056341 -5.266627
4 -6.127080 -5.963552
4 -4.466441 -4.975542
4 -5.718889 -9.140488
4 -7.260075 -4.627697
4 -5.567735 -6.157238
4 -7.186902 -7.227280
4 -5.612655 -3.334153
4 -6.022767 -6.250504
4 -6.382223 -6.239294
4 -6.778555 -7.475461
4 -5.836776 -6.944629
4 -5.773962 -7.649350
4 -5.237870 -4.111525
4 -5.123873 -3.723505
4 -7.990256 -7.204302
4 -6.331345 -4.441728
4 -5.501294 -8.151027
4 -5.534396 -7.753909
4 -6.111875 -4.093315
4 -5.986721 -7.373426
4 -5.762127 -5.051819
4 -6.935889 -8.088173
4 -7.457041 -3.577099
4 -6.634099 -2.687498
4 -5.185165 -4.638428
4 -6.194320 -6.505523
4 -5.642561 -3.798507
4 -7.709627 -7.367243
4 -5.161297 -6.118421
4 -6.917814 -1.361905
4 -5.739102 -4.213578
4 -5.910805 -8.423483
4 -7.535803 -4.545979
4 -4.950413 -8.817131
4 -5.822038 -7.052278
4 -6.567065 -6.087391
4 -5.310457 -7.382771
4 -4.205237 -9.487171
4 -6.936337 -8.976746
4 -5.974799 -5.782119
4 -6.340565 -6.824138
4 -6.336547 -8.526366
4 -7.052027 -6.486592
4 -6.209458 -11.604902
4 -6.316782 -2.625894
4 -6.517101 -5.563559
4 -6.928811 -3.298184
4 -7.825064 -8.790589
4 -5.477233 -8.977145
4 -6.087729 -4.941428
4 -5.978660 -7.217473
4 -5.765144 -5.768064
4 -4.838528 -5.323532
4 -8.208081 -7.577280
4 -6.263105 -11.176586
4 -3.958464 -2.225882
4 -5.481067 -8.241396
4 -8.650987 -5.691442
4 -6.533473 -4.107709
5 0.074993 -0.255751
5 -2.257932 -0.027290
5 0.917304 -0.657088
5 1.720595 0.546038
5 0.256589 -1.448343
5 -1.840144 0.747216
5 0.108254 -1.464890
5 0.029249 -1.093568
5 0.079787 -1.360430
5 -2.360239 0.304722
5 -1.043809 0.202050
5 -0.138382 -3.128899
5 -0.500065 -0.717300
5 0.399295 1.288925
5 -1.493522 0.473130
5 -0.486874 -3.314526
5 -1.058764 -0.470847
5 0.260354 0.859891
5 1.814592 0.500604
5 -1.666753 -1.244138
5 0.882318 1.594824
5 -0.207308 1.181498
5 -2.677008 0.889937
5 1.178765 -0.290246
5 -1.524188 -0.440454
5 2.020064 -0.846562
5 0.570230 -3.169862
5 -1.702714 1.241469
5 -0.774161 0.324810
5 -1.223051 0.642321
5 2.534022 -1.128885
5 -2.017971 -0.413357
5 -2.296662 0.265370
5 0.671148 2.701656
5 0.096553 -1.045226
5 0.425520 1.962303
5 -1.298594 0.484295
5 -0.130951 -1.742260
5 1.875613 -1.826198
5 -0.895972 1.062527
5 -2.278160 -0.651255
5 -5.612311 0.533427
5 0.797503 -0.010560
5 0.428669 1.114479
5 0.738576 -1.587485
5 0.406292 -1.767618
5 -1.996171 0.987056
5 2.857623 0.922046
5 0.898321 0.878254
5 -1.159090 -0.868549
5 0.700418 -1.737268
5 1.799986 1.902196
5 2.179484 -1.166459
5 -0.881549 -1.308742
5 0.736911 -0.442460
5 2.761816 0.530153
5 -1.276800 -0.627774
5 1.369304 1.323455
5 0.005835 0.462174
5 -3.095341 -0.119382
5 1.048872 -0.913390
5 -0.876713 0.325777
5 -0.314340 -0.715491
5 0.087378 -0.438748
5 -0.135378 1.366402
5 -1.683137 -0.880969
5 0.962188 -0.478301
5 -1.926461 0.779858
5 1.851972 -2.337645
5 -2.058281 0.623686
5 -1.140483 -1.999792
5 -0.627210 -1.481129
5 0.560035 -3.551299
5 1.144699 0.266869
5 -2.200896 -1.432971
5 -2.153940 -2.331916
5 1.717299 0.671906
5 0.590043 3.177149
5 -1.178184 1.215752
5 -1.392852 -1.145329
5 -0.056088 1.717057
5 1.307004 1.792724
5 -0.101306 -0.642983
5 -2.031809 0.056876
5 -0.166021 -0.208365
5 -0.691924 -0.416011
5 0.662901 -0.097211
5 0.387042 1.065520
5 -0.191353 -0.541690
5 -0.656757 -1.104094
5 0.139105 -0.373618
5 -0.072145 -0.055900
5 2.068279 -1.568179
5 2.745450 -1.144783
5 1.544181 -1.108584
5 -0.532394 -0.478236
5 -0.596780 -1.310213
5 0.645414 0.058871
5 0.679295 -1.391780
5 0.998671 1.712854
