1 1.528244 2.710130
1 2.120208 4.661918
1 -2.807022 3.736396
1 -3.447223 0.280401
1 0.306181 0.054788
1 -1.244902 1.826197
1 -2.228210 1.762201
1 4.300809 -2.508276
1 -3.462955 3.570285
1 0.085374 1.742277
1 -5.528757 -0.001044
1 -0.742246 2.979141
1 0.735701 0.590622
1 1.532187 0.795621
1 -3.096869 0.340788
1 -0.485552 3.669302
1 -3.302320 -3.351874
1 -3.089769 -3.495181
1 0.189136 0.067558
1 -1.338767 -1.292194
1 -0.981088 2.531614
1 1.387836 2.816220
1 -0.553113 -2.594389
1 1.275170 1.999975
1 2.693324 2.892758
1 0.353708 -0.593868
1 -1.229906 5.100183
1 1.885898 -0.731121
1 -0.486978 -1.160526
1 0.686163 0.511828
1 1.345317 -2.545449
1 -0.200064 -1.218304
1 3.156762 -4.060799
1 1.610434 2.134188
1 0.428224 -1.726002
1 1.226521 -3.163153
1 -4.559773 2.687168
1 -3.142256 1.122113
1 -1.635962 0.887634
1 -1.467059 0.132607
1 -0.602982 1.436406
1 -2.112778 -0.511126
1 1.813307 1.419528
1 -1.329763 -5.553984
1 2.425374 3.091574
1 -1.933180 -0.119315
1 0.579431 -3.274025
1 -1.417772 1.174562
1 -1.618793 -1.612059
1 -2.510326 -2.485663
1 -2.368585 0.985546
1 -0.923703 -1.153819
1 2.518845 -3.406605
1 1.743761 4.476661
1 -0.704474 -0.212869
1 -5.361047 0.522407
1 1.444946 -1.611869
1 3.609087 -3.733709
1 1.490834 0.760150
1 -0.369905 -2.394773
1 4.763473 0.926006
1 1.010412 -2.845677
1 1.590747 1.816481
1 -1.248569 -1.872777
1 1.886615 0.020558
1 -4.437973 1.017073
1 -0.434882 0.520055
1 -3.430263 0.935021
1 -2.086404 3.957577
1 0.937546 1.926682
1 2.366956 -1.407217
1 -3.671949 -3.236210
1 0.177902 -2.468856
1 -3.000362 -0.027776
1 2.993277 -1.178894
1 -2.169369 3.206621
1 1.425449 0.702049
1 -1.956234 1.744783
1 3.901644 -3.853730
1 0.898478 2.614391
1 1.403684 1.135131
1 -2.034923 4.269773
1 -0.653912 -0.453653
1 1.058945 -0.025184
1 5.279228 -0.040743
1 1.072106 2.690993
1 -1.930650 -0.691229
1 -0.045855 -0.721529
1 -0.662021 0.306326
1 2.938060 1.613113
1 -1.993688 -0.742621
1 -0.239971 -2.285397
1 -2.067672 -3.053080
1 1.705199 -0.745784
1 0.817773 -4.343303
1 0.262258 0.074917
1 0.120100 1.396175
1 -0.724869 3.628868
1 1.080575 -0.122982
1 -0.065097 1.206913
2 3.177670 2.549837
2 3.958159 2.134579
2 2.043462 6.403303
2 2.007599 0.644333
2 3.150094 1.443499
2 -0.782758 3.599869
2 5.468327 2.804155
2 3.987206 0.002892
2 0.448273 1.526570
2 0.421854 3.341044
2 5.117989 2.621568
2 2.711643 -2.198753
2 -0.344751 3.068984
2 2.978191 4.442860
2 4.350953 0.364405
2 4.080061 3.171273
2 -0.172425 2.215572
2 4.731016 -1.098967
2 2.634613 4.887576
2 -0.465844 2.642927
2 7.378606 9.085711
2 3.677308 6.601592
2 3.466040 3.389200
2 1.382696 4.887166
2 0.823483 1.725720
2 0.715044 5.532775
2 4.457419 3.095955
2 4.252595 2.583707
2 -0.497883 -0.632288
2 4.052173 5.143212
2 0.301407 4.101509
2 1.550955 2.825777
2 0.523591 3.016113
2 2.191214 3.209593
2 2.153004 7.129193
2 6.055085 4.767617
2 2.827083 4.675292
2 3.990788 -0.074602
2 5.485925 3.554634
2 3.723058 4.499148
2 -0.769664 4.423048
2 1.872549 3.580525
2 4.340883 0.321881
2 2.367031 6.875759
2 5.009025 4.402109
2 2.634060 3.490407
2 -1.249699 3.603593
2 0.910836 3.509749
2 1.219591 6.327343
2 5.711992 -0.110891
2 2.967264 0.852262
2 5.489496 1.447917
2 6.061899 0.998817
2 3.758162 2.983297
2 0.589573 1.401028
2 0.788827 3.829639
2 1.097904 0.167443
2 3.078908 2.362046
2 3.050250 3.480874
2 3.685513 1.615249
2 2.303990 0.715319
2 2.759488 2.540822
2 2.946604 5.074844
2 2.291576 6.371385
2 5.007268 3.106551
2 1.793713 3.118297
2 1.406522 -0.160980
2 2.343173 2.972993
2 4.876672 1.060978
2 0.220349 4.702781
2 6.327122 8.647263
2 3.222202 5.285290
2 2.421000 2.800132
2 3.178400 3.045834
2 -0.948604 1.118994
2 1.799668 1.512428
2 4.255542 2.629061
2 4.281206 2.473938
2 3.321489 5.035732
2 5.288655 3.649086
2 4.417085 3.429758
2 4.799706 2.168851
2 1.900593 3.622714
2 2.214453 6.453640
2 0.376198 4.608772
2 3.749292 4.144508
2 3.018876 3.881917
2 5.965632 3.968877
2 2.280151 5.546992
2 1.460272 1.068116
2 3.174906 5.702441
2 2.606165 1.508896
2 4.611192 1.322246
2 5.459646 6.983227
2 5.709494 2.584110
2 0.789321 1.628242
2 7.679411 4.118317
2 2.257612 2.664514
2 -1.302078 3.050235
2 2.287039 0.850789
3 -4.242581 5.033647
3 -1.791791 5.550427
3 -3.891337 3.374734
3 -1.787757 2.107249
3 -4.626321 5.013402
3 -2.505919 2.898803
3 -6.426949 4.459255
3 -0.341251 3.135643
3 -4.839176 1.615829
3 -4.984135 4.072983
3 -4.932569 2.611037
3 -2.225080 2.216424
3 -2.196916 2.751518
3 -3.823361 4.741757
3 -0.283626 2.153783
3 -3.684060 4.104555
3 2.276228 1.937957
3 -5.577073 0.140220
3 -4.773485 3.706237
3 -5.853592 0.973154
3 -0.420145 2.388618
3 -4.589942 4.380062
3 -4.201713 2.424304
3 -1.362879 2.457367
3 -3.970152 3.797580
3 -2.010901 1.727131
3 -0.958828 1.863107
3 -1.150482 0.331001
3 -1.601994 4.063744
3 -2.676761 2.581785
3 -4.842021 4.305065
3 -2.290097 1.058970
3 1.326477 1.603766
3 -3.765380 2.316970
3 -2.052874 2.542624
3 -3.476108 2.482531
3 -2.305187 0.941568
3 -1.939435 5.857920
3 -0.857371 2.578576
3 -0.604384 4.272413
3 0.470025 3.359976
3 -4.190096 2.993672
3 -2.372758 3.418294
3 -4.823582 4.410433
3 -6.212965 6.031088
3 -4.865811 3.401439
3 -1.169444 1.434716
3 -1.760407 5.115592
3 -2.117254 4.359967
3 -1.549086 1.984555
3 -2.620984 2.877311
3 -2.112992 6.512104
3 -6.315329 5.880547
3 -3.767112 0.318234
3 -1.004032 1.961103
3 -2.526476 0.048053
3 -3.382910 2.580745
3 -3.044118 2.014959
3 -3.457287 1.287580
3 -3.165348 3.961826
3 -5.428449 3.406707
3 -2.635103 2.526352
3 -5.661796 2.441540
3 -0.507595 2.956252
3 -0.118063 1.307681
3 -4.766800 4.036881
3 -0.884590 3.589334
3 -2.219512 3.484437
3 -2.633518 1.944812
3 -4.294374 2.778720
3 -3.511645 3.948966
3 -3.824264 0.395598
3 -2.364182 5.020178
3 -4.474544 4.542761
3 -1.077654 2.756984
3 -4.449334 6.406790
3 -4.878506 2.877473
3 -2.527055 4.600089
3 -1.229562 3.900971
3 -1.734297 7.521962
3 -5.673994 0.576366
3 -3.249269 1.935361
3 -4.376817 -0.214460
3 -5.774780 3.940609
3 1.116374 0.614325
3 -3.230824 1.661718
3 -1.617251 1.327766
3 -1.602118 3.239356
3 -1.001385 1.061929
3 -3.467641 4.721313
3 -0.103161 1.920393
3 -0.723644 0.539792
3 0.850858 1.217494
3 -0.600459 1.189229
3 0.766802 0.204151
3 -5.498175 -2.980817
3 -4.758613 3.023961
3 -3.628758 4.754637
3 -1.631477 0.021515
3 -0.646692 -1.664557
4 -4.538946 -4.589303
4 -2.324332 -3.451390
4 -4.500942 -3.877217
4 -4.794416 -2.188493
4 -2.338553 -1.752480
4 -2.570920 -3.502385
4 1.075446 -4.900999
4 -6.411127 -3.303308
4 -5.371480 -3.753603
4 0.213765 -1.719139
4 -5.452980 -2.755706
4 -6.274743 -2.937166
4 -3.870782 -5.668444
4 -3.639369 -2.541378
4 -5.136282 -3.771925
4 -1.955255 -3.020334
4 -6.430228 -1.702233
4 1.222014 -3.541548
4 -3.168612 -2.151051
4 -1.572460 -2.682321
4 -6.391562 -2.767869
4 -6.268486 -4.106022
4 -5.327211 -2.901255
4 -0.942571 -2.736389
4 -2.881110 -0.857484
4 -5.654368 -2.958097
4 -5.728053 -4.897016
4 -0.119851 -3.446303
4 -2.672041 -2.862839
4 -3.474283 -4.506511
4 -4.331090 -5.056318
4 -3.915649 -3.589589
4 -0.949183 -2.339165
4 -3.740444 -2.859628
4 -4.477808 -4.589764
4 -4.940635 -2.237572
4 -0.039440 -4.307516
4 -6.903515 -2.754856
4 1.528583 -3.413568
4 -2.970550 -2.989191
4 -4.493485 -2.389407
4 -2.676033 -3.306232
4 -2.137916 -4.130309
4 -3.377662 -3.335966
4 0.198194 -0.091805
4 -5.257879 -3.654066
4 -4.962062 -3.818225
4 -2.463576 -4.538657
4 -3.979931 -4.225328
4 -0.955655 -1.209021
4 0.886593 -2.654862
4 -1.017624 -3.245454
4 -4.786804 -3.177107
4 -1.555869 -2.275721
4 -4.254852 -5.267692
4 -9.134564 -4.014196
4 -5.918462 -2.074130
4 0.264590 -2.849918
4 -5.962376 -3.181549
4 -3.770612 -2.947582
4 0.703475 -1.847349
4 -5.931477 -3.633358
4 -1.958422 -3.604048
4 -3.499675 -2.228103
4 -2.099250 -2.501225
4 -4.909580 -2.020202
4 -1.475897 -1.489616
4 -3.582248 -2.629884
4 -3.078345 -3.143330
4 -4.511642 -4.685291
4 -0.195760 -2.584918
4 -1.809744 -2.311530
4 -5.656758 -3.360012
4 -6.309817 -4.928555
4 0.230880 -2.586892
4 1.587188 -0.778114
4 0.651693 -3.443754
4 -2.935834 -1.961050
4 -3.400619 -2.069303
4 -1.610431 -3.625354
4 -2.681345 -3.249104
4 -2.147304 -3.128430
4 -1.898219 -3.515480
4 -4.279937 -3.678593
4 -5.490698 -2.432122
4 -3.016024 -3.204283
4 -4.740194 -3.840129
4 -0.284479 -3.256517
4 -1.258541 -4.344207
4 -0.426026 -3.303924
4 -0.638133 -3.390745
4 -1.637378 -2.894775
4 0.039780 -3.183010
4 -3.538430 -4.555752
4 -4.677680 -4.259876
4 -3.280748 -3.880176
4 -6.656368 -3.955371
4 -3.376072 -4.051403
4 -1.213215 -1.217720
4 -4.580792 -1.943776
5 2.844938 -0.704711
5 3.401871 -3.944890
5 2.005554 -4.862736
5 3.455358 -2.569286
5 3.244978 -4.741219
5 2.837964 -1.550725
5 3.744733 0.135636
5 2.776633 -2.672932
5 3.976305 -2.831130
5 2.852564 3.282069
5 3.119088 -0.366642
5 2.096410 -2.921851
5 4.251494 -2.701405
5 0.535928 -2.357623
5 3.125201 -6.276259
5 3.716389 -0.564457
5 2.979468 2.456170
5 2.876554 -5.366358
5 3.470384 -1.249743
5 2.701186 -2.684933
5 4.144084 -0.573346
5 2.707331 0.238872
5 2.443279 -7.456279
5 2.876499 -2.330579
5 3.572631 -3.170295
5 4.001575 -7.019895
5 2.733692 -4.909369
5 3.088384 -4.497927
5 4.263701 -5.671188
5 1.832912 -3.991947
5 2.289743 -4.300500
5 3.779384 -2.878589
5 4.545559 -5.464386
5 2.284315 -0.436031
5 2.199536 -4.115370
5 2.445434 -4.310719
5 2.531188 -5.166695
5 3.501137 -9.267779
5 2.985039 -1.045258
5 1.908152 -4.860139
5 4.579285 -8.038595
5 3.863054 1.643106
5 0.993891 -3.437853
5 3.272129 -3.777075
5 2.996855 -3.235308
5 2.458395 -0.875270
5 1.920193 -3.911349
5 4.155427 -1.129553
5 3.654610 -1.699727
5 4.053915 -4.899287
5 3.379534 -1.305556
5 2.943370 -1.408603
5 2.277659 0.136092
5 3.984503 0.124281
5 2.388219 -1.533966
5 3.253457 -4.290403
5 4.063029 -1.922601
5 1.523991 -1.217462
5 3.742136 -1.367885
5 3.218282 -4.686091
5 3.433126 0.071531
5 2.537612 -7.511790
5 2.701604 -6.849677
5 2.776812 -3.372964
5 3.335980 0.075157
5 3.902039 -5.038772
5 3.650814 -4.307893
5 -0.019878 -7.316366
5 1.901106 -5.489510
5 1.961810 -2.414576
5 0.889365 -1.533597
5 1.022371 -4.079910
5 2.311002 -0.968041
5 4.480732 -4.610908
5 2.756203 -1.606449
5 1.451184 -5.524209
5 2.926307 -3.055093
5 5.146149 0.614737
5 2.631131 -1.253973
5 4.144212 -3.296076
5 2.823971 0.351145
5 2.552307 -0.551679
5 1.583253 -5.480752
5 4.191618 -1.522609
5 0.886142 0.874609
5 1.299230 -7.577376
5 4.019662 -2.158492
5 3.038426 -6.050514
5 3.153676 -0.356273
5 4.759346 1.105480
5 1.856203 -1.887647
5 2.456513 0.271512
5 2.188763 -1.688144
5 3.118488 -3.934314
5 4.287739 -2.522413
5 3.514445 -2.452178
5 3.814488 -1.558652
5 3.787128 -4.797752
5 2.356468 -5.012882
5 3.396793 -4.859023
