1 -6.315382 6.344938
1 -4.943573 7.821684
1 -8.920876 2.705258
1 -5.661533 7.425065
1 -5.918269 5.697313
1 -8.798838 5.880333
1 -5.997931 5.024181
1 -5.503245 5.874574
1 -8.549990 6.287645
1 -7.370734 6.887870
1 -2.181127 6.817798
1 -3.660453 4.829116
1 -6.691725 6.914744
1 -7.860303 7.777256
1 -6.901111 4.446428
1 -5.334408 7.285602
1 -6.976536 5.311501
1 -4.680027 5.937413
1 -8.277557 4.556250
1 -4.224723 6.003554
1 -6.009754 8.607213
1 -4.673341 8.800538
1 -5.466431 6.954273
1 -6.318552 2.670723
1 -7.208416 7.467041
1 -7.541461 6.425088
1 -9.738294 1.755108
1 -5.807407 5.902267
1 -6.261086 6.558911
1 -5.983332 3.508530
1 -8.782872 3.911942
1 -6.857138 5.701782
1 -5.730334 6.400136
1 -4.666339 5.801900
1 -2.158979 7.015841
1 -6.782699 5.572770
1 -8.479200 2.792186
1 -6.119541 5.441103
1 -6.563529 7.205039
1 -7.880192 7.441731
1 -2.265339 7.721363
1 -6.387065 4.492263
1 -7.892641 3.872439
1 -7.219776 6.677509
1 -0.124684 8.106004
1 -8.219629 5.635964
1 -6.319204 7.677358
1 -6.423454 5.022350
1 -8.131325 3.100940
1 -6.272756 8.777225
1 -5.348884 7.299212
1 -5.653099 5.591675
1 -3.473817 5.985173
1 -5.407775 4.452890
1 -5.602911 10.411899
1 -6.729068 8.072970
1 -4.587155 6.908664
1 -3.579161 3.206127
1 -7.116579 6.273481
1 -3.145373 5.955198
1 -5.920383 2.550895
1 -5.499880 6.588067
1 -7.740374 5.940656
1 -6.719847 5.792608
1 -7.103251 5.700236
1 -7.719185 5.289653
1 -6.657921 3.384456
1 -3.215568 4.064538
1 -7.711727 3.242233
1 -4.275267 5.778782
1 -8.151742 3.442773
1 -3.928538 8.602920
1 -7.452667 7.347806
1 -5.048048 5.124664
1 -5.704255 7.713771
1 -3.460502 6.663283
1 -5.029537 7.343009
1 -6.550022 4.546778
1 -8.318416 6.820782
1 -7.608255 5.040615
1 -5.574565 11.128433
1 -5.626943 4.919588
1 -6.887470 7.796447
1 -7.827164 7.223059
1 -9.518745 3.203921
1 -5.393186 5.267523
1 -4.490514 4.011763
1 -4.823802 7.520694
1 -7.190036 6.705134
1 -2.399843 8.984231
1 -7.755383 7.172078
1 -5.818548 7.356065
1 -3.502976 6.942877
1 -7.130783 4.034210
1 -4.306748 6.249439
1 -7.349321 4.544704
1 -10.011338 3.986633
1 -8.265909 4.298196
1 -4.767163 7.536841
1 -3.940310 8.777248
2 3.043789 6.633307
2 7.284288 7.361353
2 7.383151 6.271942
2 2.526411 5.743564
2 5.834545 6.516551
2 5.243786 6.154347
2 5.954101 3.231427
2 2.597728 9.417786
2 3.837317 7.426355
2 8.033092 8.293607
2 8.891194 3.188248
2 2.546351 7.924325
2 7.624471 5.828636
2 5.619951 6.174980
2 5.380714 7.728282
2 3.759276 5.412194
2 6.115014 4.335045
2 5.438447 7.042999
2 7.841635 8.931740
2 7.946617 5.766050
2 5.436935 6.010379
2 8.106534 4.969793
2 4.876365 6.369626
2 7.780392 7.473818
2 6.270742 6.100925
2 7.231250 4.441843
2 3.834868 8.754790
2 7.840126 4.559595
2 5.065508 5.273680
2 3.431037 6.794376
2 6.383131 8.649817
2 6.803852 7.862525
2 6.652911 4.073132
2 1.827813 6.419257
2 8.838820 4.313532
2 8.193265 5.728884
2 6.994987 6.247674
2 6.284956 7.022382
2 4.481269 5.251205
2 6.558386 4.300977
2 4.873855 6.147718
2 3.093033 5.071991
2 7.782871 4.021035
2 5.797761 6.666070
2 6.408948 6.377192
2 8.723354 3.690470
2 8.017418 3.397856
2 6.147545 4.694187
2 7.544278 4.406857
2 6.271107 9.848337
2 7.809006 4.850808
2 2.415763 6.197365
2 2.985574 8.284721
2 6.104966 6.164478
2 7.218801 7.135143
2 5.669952 5.198219
2 3.809896 6.209841
2 8.752580 6.211881
2 7.730234 5.444955
2 4.915441 10.530687
2 7.519408 5.300579
2 4.271998 7.787586
2 7.570765 7.013201
2 2.941226 8.273428
2 4.625502 7.036851
2 5.136020 6.180594
2 4.597597 7.828226
2 5.817469 6.750097
2 6.487607 8.599929
2 4.748349 5.624473
2 6.609868 7.199781
2 7.922452 5.570567
2 3.968518 4.198754
2 4.881370 5.736354
2 5.994872 5.108162
2 7.648760 7.031968
2 8.861139 4.452067
2 5.892461 4.919847
2 5.323158 6.335803
2 6.176535 5.618040
2 8.132421 4.685935
2 6.911812 5.415249
2 5.188036 5.903627
2 4.445965 7.814400
2 3.028649 7.597816
2 3.897132 3.237360
2 2.202766 9.944920
2 6.898966 4.058745
2 5.349345 6.551265
2 4.373871 5.140903
2 7.586707 4.749558
2 6.250433 4.575276
2 5.933872 6.056877
2 4.177652 5.712641
2 3.539567 8.300832
2 6.589146 4.919101
2 6.501155 3.779524
2 7.291663 3.639030
2 3.837973 8.944113
2 2.953992 8.972900
3 9.135342 -5.820299
3 7.580485 -7.192279
3 6.424520 -8.413679
3 6.382569 -5.297024
3 6.375425 -5.881410
3 4.682164 -5.085114
3 8.099307 -4.250710
3 5.285888 -6.714976
3 9.042140 -5.184864
3 6.736739 -4.834332
3 7.660029 -3.325000
3 4.456793 -5.520863
3 4.989327 -4.821392
3 3.016102 -5.660782
3 5.649827 -5.494233
3 4.186202 -6.099735
3 8.186064 -6.326131
3 2.284170 -6.333976
3 4.814203 -5.900127
3 6.741211 -4.506130
3 3.458544 -6.679022
3 7.117435 -5.476388
3 3.900895 -6.502373
3 5.451851 -6.858176
3 3.237248 -5.841412
3 8.673737 -5.849874
3 4.897205 -4.905979
3 1.409964 -4.336529
3 4.665347 -7.432622
3 7.663637 -4.786060
3 4.221847 -5.385838
3 3.726610 -6.089627
3 6.066656 -7.237720
3 6.664411 -6.154897
3 4.588012 -4.475945
3 4.080791 -5.850374
3 4.463383 -6.030921
3 7.531475 -7.083957
3 5.036898 -5.980013
3 9.009880 -6.614678
3 4.730168 -7.082522
3 6.425549 -5.897223
3 3.077148 -3.903293
3 5.684260 -3.717855
3 3.635555 -4.778052
3 10.131971 -6.523521
3 4.934099 -6.425032
3 7.093339 -7.325451
3 2.158013 -5.732120
3 5.742150 -3.933643
3 2.441606 -5.425350
3 3.443132 -6.770102
3 6.211964 -6.850849
3 4.740535 -7.831705
3 5.597555 -4.504208
3 6.254549 -8.541552
3 6.054377 -5.332549
3 7.821979 -7.760287
3 8.104016 -7.041849
3 6.806161 -5.506536
3 4.904029 -8.274637
3 5.250287 -5.806407
3 7.882747 -5.849281
3 5.240313 -7.234377
3 3.827114 -5.564318
3 6.076674 -7.519595
3 6.225602 -6.616440
3 4.573792 -4.747133
3 6.690276 -5.618297
3 3.940543 -6.528324
3 6.908914 -6.433774
3 2.385654 -6.944425
3 5.976339 -6.451600
3 7.851335 -7.193039
3 6.136724 -5.778454
3 8.283410 -5.889879
3 6.958462 -7.802594
3 8.327795 -5.033136
3 7.795503 -5.960099
3 4.295953 -6.932960
3 7.213271 -3.848156
3 6.068522 -7.313112
3 8.466211 -7.374013
3 5.801433 -5.740271
3 7.191703 -5.183679
3 6.456471 -4.201156
3 8.378460 -6.277394
3 2.603492 -6.590784
3 4.200307 -5.692098
3 3.126212 -6.043717
3 3.682247 -5.084889
3 4.587472 -6.392941
3 5.207165 -5.894436
3 4.723464 -4.111942
3 8.549549 -4.634214
3 8.977618 -4.464873
3 5.345582 -5.864768
3 7.170776 -3.382814
3 3.426561 -7.887567
3 8.309419 -5.301970
4 -5.824326 -8.025893
4 -6.860884 -5.728636
4 -6.945416 -5.151057
4 -4.642313 -12.704430
4 -5.293627 -2.690244
4 -4.150145 -1.432737
4 -5.429713 -5.125494
4 -4.992898 -5.111742
4 -7.087586 -7.060987
4 -6.280172 -8.504850
4 -5.867590 -4.843250
4 -6.949171 -8.424916
4 -4.188307 -5.201104
4 -6.941302 -6.995310
4 -5.492463 -2.378827
4 -6.708052 -1.680366
4 -7.661234 -4.543400
4 -6.615355 -3.838184
4 -6.162596 -6.172661
4 -5.313889 -5.386731
4 -6.353579 -6.073222
4 -6.261236 -5.207290
4 -5.585022 -11.295869
4 -6.123761 -4.425985
4 -5.955852 -7.250277
4 -7.675165 -4.100396
4 -8.306542 -7.277281
4 -7.208613 -7.174425
4 -3.598365 -6.323166
4 -6.600033 -7.386230
4 -5.295125 -8.556520
4 -5.674455 -4.217515
4 -5.508190 -5.674984
4 -7.347881 -7.516903
4 -5.666220 -2.797817
4 -8.205769 -8.771630
4 -5.223380 -2.816530
4 -5.519963 -6.230740
4 -7.841870 -3.927377
4 -5.376331 -6.711583
4 -5.992323 -9.099104
4 -7.001010 -3.564849
4 -6.081619 -5.200404
4 -5.514739 -7.973259
4 -6.724361 -7.240880
4 -5.381268 -5.720200
4 -4.254416 -4.702865
4 -6.826591 -3.494963
4 -3.303133 -4.745106
4 -4.233714 -5.402570
4 -6.113288 -5.797733
4 -7.562898 -3.023163
4 -7.614864 -8.211896
4 -5.183104 -8.967291
4 -8.945425 -6.144400
4 -7.372236 -8.491066
4 -3.764774 -11.952285
4 -7.683159 -6.644484
4 -6.327155 -6.172921
4 -4.432096 -4.353087
4 -5.111588 -6.313348
4 -6.253923 -5.503759
4 -5.969679 -9.672876
4 -5.677786 -3.940808
4 -5.024069 -5.201254
4 -5.816576 -8.975182
4 -8.429186 -9.705740
4 -5.282848 -3.619968
4 -4.864003 -7.441166
4 -6.040531 -7.373271
4 -4.588739 -5.565238
4 -5.691466 -5.637100
4 -6.270083 -3.299562
4 -7.208795 -5.522654
4 -4.797749 -3.059442
4 -5.124387 -7.394617
4 -5.517024 -1.456750
4 -7.062872 -8.050511
4 -6.111757 -4.792270
4 -4.489727 -10.324873
4 -5.243178 -6.557526
4 -6.163328 -5.546413
4 -4.457756 -3.172840
4 -5.377353 -4.029288
4 -7.110768 -7.013418
4 -6.021620 -5.165054
4 -4.045901 -4.053993
4 -6.908585 -6.032593
4 -5.945033 -11.072141
4 -6.391893 -4.244621
4 -6.622228 -6.931164
4 -4.969597 -3.907686
4 -4.557803 -3.484483
4 -6.660562 -5.568894
4 -5.639580 -9.744938
4 -5.966442 -9.127474
4 -5.613604 -6.625563
4 -3.550242 -7.748753
4 -6.191123 -1.596800
4 -4.683861 -5.279232
5 -0.870703 -0.152942
5 1.124737 2.001657
5 -1.107021 1.573257
5 0.021391 -0.924475
5 1.126154 0.992243
5 -0.587247 0.594800
5 2.539263 1.727070
5 1.363557 2.523671
5 -2.022637 0.935701
5 -1.290567 -0.752507
5 -0.426916 -0.134761
5 3.076032 2.431224
5 -2.029408 -2.374089
5 0.022863 -1.936191
5 -1.155077 0.578669
5 -1.666023 2.414769
5 0.253595 -0.056493
5 -1.209857 2.868582
5 -0.821132 0.402516
5 -1.287130 -1.190263
5 2.069127 1.897295
5 0.139969 -0.728564
5 -0.609562 -0.784140
5 1.097774 -1.035867
5 -0.760937 -1.336635
5 -0.563265 -0.538075
5 0.136225 0.850784
5 0.858149 -2.240126
5 0.718369 1.140052
5 0.468421 2.490983
5 -1.324273 0.385411
5 1.109819 1.094268
5 -1.742776 -0.985744
5 1.079310 -0.896387
5 -0.079105 -0.648666
5 -0.663033 -1.906060
5 -1.392039 1.322510
5 -0.473684 -1.531718
5 2.043307 0.414525
5 -0.452659 1.058639
5 0.393976 0.773482
5 1.114646 -0.194911
5 -1.459108 0.560498
5 -1.510970 1.262938
5 -2.214936 -1.719966
5 -0.489666 -0.979911
5 -1.620198 0.200276
5 -0.072741 0.949444
5 -0.734131 -0.496914
5 1.235188 0.052529
5 -1.158545 2.275049
5 -0.441193 0.242024
5 0.604981 1.964214
5 2.688170 -1.430901
5 2.731917 0.960894
5 0.450363 0.410178
5 -0.213364 -0.264077
5 1.770980 3.982942
5 0.010732 1.846225
5 1.904309 1.768222
5 -0.438853 -1.275998
5 0.448506 -1.645669
5 -0.663837 0.093582
5 -0.583476 -1.432346
5 1.163516 -0.847480
5 0.918085 -1.520848
5 0.928895 0.118835
5 1.312776 3.480961
5 -0.267361 0.250337
5 0.873707 0.071256
5 1.494873 -0.181531
5 -3.109194 0.714330
5 -0.680114 0.398621
5 1.490297 1.850971
5 0.914300 0.428343
5 -1.235896 -1.233448
5 4.007898 2.229572
5 -2.574488 0.018587
5 -1.052339 -1.236876
5 -0.753175 1.138736
5 0.243366 -1.683603
5 -0.347166 0.667179
5 2.193370 -1.341162
5 1.761995 -1.897101
5 -1.138619 0.123605
5 -0.098214 -0.034073
5 0.357976 0.436848
5 -1.382759 -2.425317
5 -1.306440 2.217947
5 1.396171 0.645699
5 -0.501279 2.455915
5 0.999389 -0.115819
5 0.781979 1.420879
5 -0.070601 0.849448
5 -2.536610 1.001406
5 -1.446325 -0.422072
5 0.261599 0.479059
5 -2.243814 -0.673345
5 -0.489892 0.282347
5 0.310185 0.024044
