1 4.917866 -3.116518
1 9.396225 -2.916855
1 6.835623 -6.022415
1 6.053298 -5.033362
1 7.081929 -5.020742
1 1.763971 -5.447835
1 7.613226 -4.200550
1 5.572990 -4.179376
1 3.818383 -5.779034
1 8.103671 -5.573716
1 3.589382 -4.859485
1 7.037409 -2.734534
1 3.664793 -5.427364
1 6.860570 -5.453237
1 3.907396 -4.676101
1 9.933619 -6.346797
1 5.022833 -2.118624
1 5.889739 -6.579462
1 3.718043 -5.674380
1 2.363601 -4.970446
1 4.442864 -4.294443
1 6.772857 -5.255151
1 4.676169 -5.196130
1 6.312047 -3.537292
1 6.927012 -3.986945
1 5.235405 -4.987455
1 3.305108 -6.072524
1 1.821199 -4.844470
1 3.471391 -3.938765
1 0.451066 -4.389583
1 3.405810 -4.869908
1 6.571548 -5.856559
1 4.657209 -6.263103
1 1.482932 -4.378288
1 4.880455 -4.691892
1 1.093009 -5.933190
1 6.797621 -7.260408
1 5.181758 -3.823152
1 6.739685 -3.568578
1 4.657047 -4.412334
1 5.331496 -7.304519
1 5.958997 -4.416136
1 3.030394 -3.075184
1 3.652954 -4.974000
1 6.183459 -5.738632
1 5.077351 -6.413287
1 0.250403 -5.035727
1 7.237046 -4.695445
1 3.977209 -5.243222
1 9.057514 -6.550268
1 5.887475 -5.761589
1 6.376774 -5.562955
1 5.686911 -5.042540
1 6.206939 -5.160480
1 0.228012 -5.827960
1 5.898181 -5.621081
1 2.037889 -3.970791
1 3.534856 -4.467526
1 1.458178 -4.919477
1 4.412095 -5.442877
1 3.098068 -5.343419
1 3.158064 -3.541125
1 7.536985 -4.737841
1 3.813079 -4.176942
1 2.215025 -5.465590
1 5.412917 -4.554721
1 5.033251 -4.661018
1 10.769194 -5.490029
1 5.745494 -4.418000
1 4.979124 -4.582289
1 6.272893 -4.779367
1 6.089582 -5.686591
1 2.628404 -5.859019
1 1.827034 -3.714312
1 5.919845 -4.265092
1 7.212639 -3.912500
1 4.529605 -4.702349
1 7.467261 -4.585777
1 7.119463 -5.199995
1 3.049007 -4.757638
1 1.342231 -4.183152
1 6.043131 -6.434518
1 2.337591 -5.848888
1 0.392245 -6.123742
1 1.956294 -3.811848
1 7.497957 -4.144931
1 3.213496 -4.056035
1 10.233595 -4.824611
1 3.660638 -5.661064
1 2.550630 -5.666285
1 4.878692 -5.700931
1 6.084383 -3.594443
1 6.153084 -6.051370
1 5.575833 -7.458173
1 4.074900 -4.000128
1 5.721967 -6.965529
1 6.979740 -5.400305
1 0.722795 -5.138554
1 6.649429 -5.475167
1 4.944459 -5.437112
2 2.085519 7.437741
2 3.293212 6.440868
2 2.443639 5.243002
2 4.908779 8.159540
2 2.686460 4.714370
2 4.636709 8.424088
2 4.837093 4.142245
2 10.166674 4.963677
2 1.255702 7.289027
2 5.733045 5.168355
2 3.877666 6.328189
2 1.051102 7.035733
2 6.056702 3.879972
2 5.553167 4.275539
2 5.629260 1.703794
2 7.516943 4.539083
2 3.249377 5.549138
2 7.554585 3.931017
2 3.408564 2.022695
2 5.171301 3.743577
2 5.802015 5.929065
2 8.350225 6.718587
2 3.120970 6.406306
2 8.033835 3.261012
2 4.318720 5.105392
2 5.901218 5.654364
2 4.313350 6.376387
2 5.543577 7.687148
2 1.962368 7.575703
2 4.889555 2.857147
2 5.037478 3.965804
2 3.725001 4.460727
2 5.137820 5.014677
2 0.142143 6.555616
2 4.905159 8.341481
2 6.725530 3.863073
2 5.977677 6.497162
2 2.744126 7.877707
2 7.563785 4.196040
2 6.910727 0.762225
2 3.984789 6.998678
2 4.859977 5.061555
2 6.213474 3.519647
2 6.709332 6.195713
2 4.427755 5.235716
2 7.847178 2.727332
2 5.411614 6.467175
2 6.150788 7.144959
2 5.023363 2.363445
2 5.442842 7.259869
2 6.484891 3.824719
2 0.545606 6.658923
2 7.499095 5.364085
2 2.545173 8.169447
2 3.971938 2.222483
2 3.639655 4.970052
2 5.388447 7.184828
2 4.325500 5.405059
2 3.610695 7.105941
2 9.365087 5.765159
2 3.700680 5.351560
2 7.403755 6.423300
2 6.663142 4.803348
2 3.288564 7.360847
2 6.336252 4.524309
2 2.221621 3.296142
2 6.947460 4.237592
2 8.737823 1.858142
2 2.881871 8.425444
2 4.925521 6.114944
2 4.988971 6.951492
2 4.570176 3.518965
2 7.926563 8.423736
2 2.184166 5.364856
2 4.170313 4.602858
2 3.792974 4.740175
2 1.645950 3.302992
2 5.600019 4.564978
2 5.529679 5.404753
2 6.410330 4.119055
2 2.998347 3.943921
2 3.500165 5.102913
2 6.691730 4.508907
2 2.869025 7.630170
2 6.275969 6.635147
2 5.160188 3.921136
2 5.443176 3.006778
2 4.700574 7.762838
2 2.266101 7.953236
2 4.340055 6.917493
2 3.038502 4.061210
2 8.934944 0.574528
2 10.124225 2.219082
2 2.835021 7.053352
2 6.317351 6.662550
2 8.784069 3.276734
2 6.578948 3.338455
2 7.058299 1.542258
2 3.341443 5.537523
2 5.283062 4.002116
3 3.653204 3.632877
3 -4.053663 -4.371764
3 -1.375242 1.143462
3 -0.320425 2.411837
3 1.208244 0.300647
3 0.239540 -0.937922
3 -1.321833 -1.764031
3 1.723852 2.980228
3 0.332112 -0.294328
3 0.903229 -0.269400
3 1.003089 0.916179
3 0.434897 1.882393
3 -0.634374 -2.933036
3 -0.240234 1.930075
3 1.330430 2.602890
3 0.688449 -1.311984
3 3.671408 5.005854
3 0.502325 4.566896
3 0.399972 -1.272804
3 2.548903 -0.918110
3 0.537640 2.589462
3 4.845174 1.297671
3 2.781110 -0.569951
3 5.771967 3.572045
3 5.401494 0.569726
3 -0.662958 -1.044337
3 -2.565464 1.104805
3 -0.904992 1.458736
3 0.000103 -0.924527
3 0.565236 -1.429075
3 -0.763894 -1.042353
3 2.324533 3.019634
3 1.937892 -0.303721
3 2.899144 0.852707
3 0.421912 1.361918
3 -1.236295 -2.249791
3 0.562478 1.131693
3 3.368133 0.007496
3 -1.499813 -2.216175
3 0.718656 -0.797107
3 2.137040 -0.212677
3 1.091431 -0.014173
3 -4.358550 -2.313267
3 -4.965867 -1.671250
3 0.565141 -0.904252
3 -2.756154 -1.844416
3 -0.112842 0.363192
3 -2.500520 -0.245075
3 -0.399026 -0.321830
3 -0.624985 0.174949
3 -0.972555 1.925684
3 -0.833054 0.041371
3 -3.510557 -1.713361
3 -0.245205 0.280408
3 4.812008 1.207138
3 -0.641368 -3.120275
3 -0.793851 -2.935988
3 0.741789 0.374108
3 1.196465 -0.229306
3 2.291209 1.019416
3 -6.519366 -3.226538
3 -1.238115 -0.806465
3 0.135583 -1.195951
3 -1.614547 0.935167
3 -1.638803 -5.039447
3 2.066407 -0.226848
3 1.576110 3.097443
3 -2.232952 0.626378
3 2.559018 0.109895
3 2.958561 3.940937
3 1.915086 0.152660
3 0.269748 -1.085134
3 -0.224566 -0.584738
3 0.735690 -2.177943
3 -1.990863 -0.818489
3 0.121580 -2.138305
3 -1.740162 0.452743
3 -0.863035 -0.392671
3 -5.481997 -7.701321
3 0.439039 0.015767
3 2.697804 1.922448
3 -1.551300 0.736751
3 -0.248101 1.562590
3 -1.625122 -3.432442
3 -4.257768 -1.117433
3 0.710064 -0.501139
3 -0.564457 -3.375146
3 -3.448727 -2.790971
3 -4.162452 -1.466906
3 -2.084041 -1.783087
3 -0.869133 -0.171603
3 1.205680 0.983153
3 0.212320 1.419918
3 1.103573 1.824978
3 1.209949 -1.056156
3 0.443371 -0.533131
3 -0.057084 1.217380
3 -0.076375 -1.341458
3 1.587007 -0.530930
3 -1.371911 -1.737941
4 -3.510356 2.613585
4 -3.841035 4.554318
4 -6.259203 6.910726
4 -7.196258 7.436061
4 -1.050816 5.854717
4 -4.151422 4.768015
4 -4.620800 5.611976
4 -5.012557 2.047732
4 -2.459350 1.655499
4 -5.087290 3.220081
4 -1.330384 4.470717
4 -6.597198 7.127462
4 -4.948489 6.149333
4 -1.504675 4.117818
4 -7.669456 4.727323
4 -4.285968 2.602616
4 -2.231805 5.576736
4 -3.475347 10.698112
4 -5.033795 4.074303
4 -4.398229 4.097064
4 -6.564616 2.170940
4 -7.334032 3.835109
4 -2.278478 3.955472
4 -2.318329 2.793022
4 -7.154703 7.971760
4 -1.227953 4.972892
4 0.137577 4.946215
4 -3.599975 4.619988
4 -4.741909 3.105767
4 -4.444875 4.456510
4 -7.523774 6.676927
4 -3.205649 7.033873
4 -6.531858 3.161299
4 -5.914886 3.164721
4 -8.849088 5.014146
4 -5.728538 0.097113
4 -6.201554 1.210941
4 -4.032702 3.548010
4 -4.538259 3.270361
4 -2.812990 4.093408
4 0.771137 3.840011
4 -2.382585 5.155492
4 -2.677293 4.427776
4 -3.239660 8.433747
4 -4.468765 7.591453
4 -6.945490 1.577062
4 -2.359721 8.675727
4 -4.468821 -0.396605
4 -3.894890 7.187962
4 -4.906350 6.745327
4 -6.762659 7.142118
4 -6.002879 5.654693
4 -7.361952 6.863780
4 -5.559137 4.158809
4 -5.401864 4.432355
4 -4.870824 7.914928
4 -3.657263 2.645488
4 -6.695046 1.703468
4 -0.269935 5.349077
4 -3.685759 3.173580
4 -5.201921 3.500137
4 -6.854610 6.326385
4 -2.046136 4.738387
4 -2.911309 6.920132
4 -5.818841 7.188346
4 -5.874223 10.292789
4 -4.045475 8.890790
4 -3.313398 7.068267
4 -3.507549 3.765070
4 -2.198557 8.792712
4 -7.010444 2.408701
4 -3.109426 6.174675
4 -3.876866 9.349058
4 -3.979341 2.079417
4 -7.290415 3.742259
4 -7.991423 8.587347
4 -9.164019 7.905695
4 -6.308595 2.394736
4 -3.457727 4.705327
4 -3.793454 4.774566
4 -6.185937 5.023489
4 -6.222860 5.849727
4 -3.277770 1.154833
4 -7.468493 4.409050
4 -6.726662 5.509557
4 -3.821415 4.354999
4 -4.576680 4.805147
4 -3.530571 4.412893
4 -3.665135 4.149440
4 -4.812019 6.796349
4 -9.993859 4.215059
4 -7.517533 2.148344
4 -3.138940 4.401481
4 -4.378904 5.078694
4 -5.442571 2.610482
4 -4.097917 4.906174
4 -5.662782 5.352115
4 -5.646416 6.769318
4 -4.880898 7.095343
4 -4.820570 5.218865
5 -4.799005 -7.322054
5 -3.890591 -2.117349
5 -4.080224 -9.576544
5 -4.200007 -3.973277
5 -4.543680 -1.666549
5 -4.179217 -3.349155
5 -4.685060 -1.827332
5 -4.965974 -4.807804
5 -5.797681 -7.580497
5 -7.672574 -3.087991
5 -4.163132 -5.691998
5 -5.841973 -8.185637
5 -4.892255 -3.564679
5 -5.474943 -8.219275
5 -4.915051 -4.299378
5 -4.040260 -1.346007
5 -5.775191 -5.187836
5 -6.214307 -1.632444
5 -6.136483 -6.418199
5 -5.148674 -5.221165
5 -4.275767 -3.412384
5 -5.474048 -3.911697
5 -4.676045 -4.977174
5 -5.705622 -5.290935
5 -3.610795 -6.023640
5 -6.235910 -6.536687
5 -6.328666 -2.056227
5 -4.942792 -4.281273
5 -4.551883 -7.672795
5 -3.931666 -2.074643
5 -4.914370 -5.630319
5 -5.403900 -2.956748
5 -3.799296 -5.316958
5 -6.320563 -3.685019
5 -6.448105 -5.980171
5 -5.307456 -8.233093
5 -4.245585 -4.971022
5 -4.919626 -4.383430
5 -6.115835 -10.215947
5 -5.935877 -1.650233
5 -4.106675 -3.281313
5 -6.344228 -7.778633
5 -4.338983 -9.802095
5 -4.492296 -7.429753
5 -5.705882 -6.607807
5 -4.600188 -11.977522
5 -4.841884 -3.887367
5 -3.194012 -3.268193
5 -5.476394 -9.221268
5 -4.905396 -3.074964
5 -4.813664 -4.223064
5 -2.515605 -5.253917
5 -4.847594 -4.011451
5 -3.995502 -5.876719
5 -4.194943 -5.488737
5 -3.306896 -4.119704
5 -4.799322 -7.279068
5 -4.153765 -0.035590
5 -4.039135 -4.795703
5 -5.003833 -7.371685
5 -3.509012 -9.037957
5 -4.684532 -5.145328
5 -2.351975 -3.041723
5 -6.034656 -7.543600
5 -5.103310 -3.192883
5 -4.868513 -5.404487
5 -4.081366 -4.225591
5 -5.198270 -1.575325
5 -6.642715 -2.836336
5 -5.387675 -3.230339
5 -5.651492 -6.472178
5 -5.690608 -1.422032
5 -5.485572 -7.195393
5 -4.770915 -4.024786
5 -4.225652 -0.850700
5 -6.271443 -4.589862
5 -5.208626 -4.739517
5 -5.653732 -5.396295
5 -5.540249 -4.958371
5 -5.539811 -2.998778
5 -4.599123 -7.528350
5 -5.070515 -6.857121
5 -4.313159 -5.024291
5 -5.931465 -7.119848
5 -5.838893 -4.566504
5 -5.808353 -5.947870
5 -3.635601 -4.525292
5 -4.137465 -2.808163
5 -5.253255 -5.275172
5 -5.466029 -8.217649
5 -3.728845 -5.147818
5 -5.296161 -7.693444
5 -6.007535 -7.861552
5 -5.625756 -5.784715
5 -3.706115 -6.083009
5 -4.857609 -2.791551
5 -5.600519 -3.706970
5 -5.722752 -6.743770
5 -6.377607 -6.430151
5 -4.646713 -5.658003
