1 -1.000230 -0.367790
1 1.571856 -0.982374
1 -0.280866 5.052934
1 0.150075 2.122058
1 2.362957 -0.210292
1 0.262935 0.235382
1 -0.908963 -0.693853
1 0.151607 3.377479
1 0.071617 2.051794
1 4.232101 -1.669965
1 0.118760 -1.866645
1 -5.055380 -0.981804
1 0.140890 -1.920261
1 1.065621 1.642041
1 1.654632 0.398468
1 -1.470070 2.289928
1 -4.408351 -3.888273
1 -1.258659 1.425616
1 0.941907 -1.565986
1 2.655433 -4.385750
1 0.349932 -1.971314
1 -0.124759 1.572454
1 4.867474 -3.391243
1 -0.821142 0.671033
1 -0.224353 4.721601
1 0.372870 0.301253
1 3.538289 2.071038
1 3.630040 2.489364
1 -2.639505 3.750710
1 -3.575312 -3.790191
1 2.629221 3.975589
1 -2.969744 1.155967
1 -0.384099 1.315836
1 -2.578377 -2.626500
1 -3.244287 1.482822
1 -3.118814 -1.275064
1 -1.385510 3.508760
1 -0.613319 -0.284992
1 0.606013 3.716161
1 -0.702639 -1.826332
1 -1.531686 1.153953
1 3.370913 1.026641
1 -2.184394 -0.972785
1 -2.815894 -1.225401
1 1.198524 0.224860
1 -2.343514 2.534209
1 1.047497 4.996603
1 -0.810353 0.113680
1 -1.326673 -3.670432
1 -2.321820 1.132251
1 3.904511 1.976290
1 -1.634284 3.290136
1 -0.321557 3.336096
1 -0.258311 0.222186
1 1.280911 -0.672586
1 1.983643 4.161526
1 1.412873 0.884537
1 4.005159 -1.941228
1 1.290868 -2.406893
1 -0.748328 0.307841
1 3.557758 -0.368287
1 -2.053033 0.753430
1 6.398521 3.762237
1 -3.936502 -2.647759
1 -0.464889 2.723119
1 -2.996450 0.640999
1 0.598718 -1.512430
1 1.250243 -0.926638
1 2.098203 1.895772
1 4.097271 -0.472657
1 -0.340578 -5.281083
1 4.421742 1.146155
1 -1.519850 -0.226136
1 -0.804367 -2.275558
1 0.623591 1.573261
1 -0.711040 -1.490363
1 2.552193 0.039202
1 4.577550 0.610286
1 5.443464 1.535028
1 2.753901 -1.624835
1 -2.093762 1.914963
1 1.171435 1.225367
1 0.702161 -4.098330
1 -1.296767 -1.222768
1 1.511836 -1.126687
1 0.872679 2.174717
1 1.342981 0.523779
1 1.224290 1.448934
1 3.678659 -0.907976
1 -2.752652 -2.866889
1 1.570422 -2.389258
1 1.289827 1.115763
1 -3.207814 1.864949
1 0.831731 2.744603
1 -0.478645 0.171671
1 1.993825 -3.552001
1 3.576195 2.093593
1 -3.189658 1.284241
1 -1.444607 -1.893873
1 -0.745764 0.113981
2 -2.684843 1.308782
2 6.200015 3.308759
2 3.603698 0.962989
2 2.452578 4.843649
2 5.418283 2.767326
2 1.546629 1.712690
2 7.519352 1.577058
2 1.947509 6.208512
2 3.290152 3.344593
2 -0.051990 2.822510
2 4.703154 4.575565
2 4.406921 1.636493
2 1.553239 4.755576
2 2.157278 0.139142
2 3.588403 5.328480
2 5.619961 1.810667
2 0.846635 0.349282
2 3.062766 6.663846
2 1.170487 1.558406
2 1.732639 2.138245
2 4.776437 6.808001
2 1.460159 5.336403
2 1.495306 0.695671
2 8.107723 6.058398
2 5.633918 2.663517
2 -0.290035 2.280607
2 7.006966 6.457082
2 3.660404 4.014402
2 5.281774 3.507741
2 2.058870 1.684774
2 4.789034 4.764435
2 0.126775 3.839399
2 3.304651 2.126419
2 0.437204 1.004821
2 2.955765 2.132544
2 4.906816 5.126448
2 3.962224 -0.901633
2 1.814173 4.395667
2 2.633739 1.735704
2 4.474500 1.277910
2 3.253949 4.825593
2 0.751627 -0.759983
2 4.495611 0.620563
2 0.419021 4.377180
2 0.077532 3.146557
2 2.222268 4.095612
2 3.354825 4.193279
2 4.926589 3.096211
2 5.474444 2.440971
2 0.618191 2.583091
2 1.870973 3.198562
2 4.778467 2.866523
2 2.961413 -0.233915
2 2.501358 0.373722
2 2.983310 3.390625
2 1.005524 4.985216
2 1.110652 3.272947
2 0.025087 -0.338297
2 0.539937 3.662056
2 2.209595 3.913364
2 3.471297 1.094465
2 -0.619509 1.579146
2 2.870386 2.739736
2 5.376372 2.974978
2 3.348655 4.615566
2 1.184514 2.422663
2 -0.228685 3.523212
2 4.906454 5.353220
2 4.245914 1.990188
2 3.899392 4.632468
2 3.615566 0.320572
2 3.441324 3.982008
2 3.291293 4.348561
2 3.455408 5.371578
2 3.739271 2.353575
2 4.234643 0.678826
2 0.667210 2.088381
2 4.585134 5.882948
2 1.507298 5.217900
2 0.663794 3.604896
2 2.618984 3.872979
2 2.471791 1.244137
2 0.556391 2.522765
2 2.599428 5.000368
2 2.886588 2.085862
2 4.952912 3.994534
2 2.628214 3.279741
2 4.413823 5.404385
2 1.309989 4.023003
2 6.071123 7.332949
2 2.842979 5.813695
2 1.876922 4.066288
2 5.909365 5.219427
2 3.682308 4.361451
2 -2.165615 2.127941
2 3.936757 4.585724
2 7.580283 8.037116
2 5.155102 3.028522
2 1.846090 4.225384
2 5.354355 2.491386
3 -4.487042 2.014955
3 -3.551763 6.519212
3 -5.059030 5.607912
3 -5.941463 1.246817
3 -0.386665 1.108449
3 0.887814 0.427972
3 0.135669 1.656583
3 0.424655 2.150370
3 -1.693671 3.747154
3 -1.443068 3.684863
3 -1.223021 1.091509
3 -3.540029 6.119694
3 -4.505826 4.207516
3 -2.367538 1.955884
3 -4.045468 3.594299
3 -3.500693 4.246431
3 -0.391800 -1.097030
3 -0.035601 1.298353
3 -3.164062 1.486083
3 -1.585636 1.335089
3 -4.425526 0.994907
3 -4.486929 4.603146
3 -4.150875 1.183674
3 -6.169049 0.707897
3 -0.548746 2.234048
3 -6.679427 4.604174
3 -1.556653 3.020164
3 -1.501968 5.052503
3 -4.893037 3.164746
3 -2.246421 2.743433
3 -1.029933 4.225441
3 -4.064260 3.883631
3 -2.155429 2.438812
3 -3.146396 -0.423793
3 -2.955923 4.927807
3 -0.309002 0.094767
3 -3.558109 4.726238
3 -5.531116 5.521787
3 -3.429504 0.918346
3 -1.730941 -1.347212
3 -2.045832 3.980520
3 -6.524976 1.252540
3 2.156718 1.265735
3 -0.698048 2.909116
3 -1.635003 2.719161
3 -1.991974 6.423180
3 -5.371237 4.972557
3 -3.588166 0.795783
3 -8.552905 2.533629
3 -2.586215 2.387379
3 -2.304425 2.152066
3 -0.484518 1.957005
3 -5.814337 2.192516
3 -4.041004 2.125870
3 -3.524999 5.732115
3 -1.058105 0.166211
3 -6.012813 6.601411
3 -1.684575 5.755422
3 -5.820745 4.298220
3 -0.523005 5.191642
3 -4.146234 3.117108
3 -2.368707 3.694352
3 -2.048420 5.395726
3 -4.774349 2.000122
3 -4.617119 4.648695
3 -2.662338 3.293788
3 -3.101104 5.525827
3 -3.849737 3.860916
3 -1.710163 3.450713
3 -2.962318 1.383692
3 -3.871505 1.765218
3 -0.539341 0.716099
3 2.532139 1.958699
3 -3.984930 2.151648
3 -4.393396 1.536460
3 2.045050 2.313616
3 -3.787790 -1.657586
3 -2.659819 5.807936
3 -4.155249 6.338870
3 -2.730152 -0.160459
3 1.432923 3.854194
3 -3.249470 1.379244
3 -6.783255 6.222553
3 -1.995599 2.102107
3 -6.116210 2.062894
3 -6.381042 5.613143
3 -2.903344 1.629076
3 -2.603467 0.715508
3 -3.937962 4.653696
3 -3.654556 4.856400
3 -3.827370 5.172361
3 -3.633128 4.236279
3 -1.052336 5.378330
3 -2.270427 0.838558
3 -0.099514 0.421073
3 -3.430621 2.111774
3 -4.636189 1.211915
3 -0.807302 5.885463
3 -1.546285 4.565292
3 -4.734327 1.991959
4 -1.332740 -1.446906
4 -4.818488 1.914261
4 -1.810883 -0.064571
4 -4.034296 -0.710548
4 -5.476081 -2.250779
4 -4.164184 -4.047691
4 -1.238112 -0.493683
4 -6.169425 -2.038648
4 -5.368632 -2.096641
4 -1.277330 -3.167757
4 -3.717824 1.060931
4 -4.078448 -0.859480
4 -0.383193 -0.634856
4 -2.067506 -1.025508
4 -0.693042 -3.271713
4 -3.077075 -0.345993
4 -0.808160 -0.293986
4 -3.528338 -0.253724
4 -5.220265 -5.879436
4 -1.627857 -4.331227
4 -4.907238 -0.409491
4 -4.412181 -6.206351
4 -3.793590 -2.068634
4 -1.893619 -3.190169
4 -0.791230 -4.677447
4 -6.754097 -3.440681
4 -4.881321 -5.639290
4 -2.469740 -3.395355
4 -2.663578 -3.685703
4 -3.725581 -3.570519
4 -1.514274 -3.528964
4 -1.370870 -6.075347
4 1.245447 -5.101081
4 -3.075212 -1.900817
4 -3.463147 -2.499835
4 -5.807673 -4.338900
4 -1.694986 -4.948206
4 0.324331 -3.193625
4 -3.065392 -4.343463
4 -1.665327 -3.140889
4 -2.038303 -1.355561
4 -3.794282 -9.102066
4 -1.440417 -2.583121
4 -2.106570 -0.632684
4 -8.085196 -0.508274
4 -2.076218 -1.966213
4 -3.601728 -6.880678
4 -0.399653 -1.883969
4 -4.450507 -1.546396
4 -5.453556 -0.330065
4 -1.218187 -4.193393
4 -3.925834 -2.224418
4 -2.560967 -0.462304
4 -2.666867 -3.940526
4 -6.633307 -1.633137
4 -2.394746 -1.506016
4 -3.301163 -4.673904
4 -5.032925 1.871163
4 -4.094638 -3.690243
4 -6.065492 2.049210
4 -2.593046 -6.834443
4 -5.551793 -1.652473
4 -4.493144 -5.104756
4 -8.883354 4.009570
4 -4.055190 -1.867887
4 -4.586900 -3.627573
4 -0.380441 0.380965
4 -4.958374 -4.398961
4 1.119704 -3.511607
4 -0.840221 -3.736657
4 -4.869121 -6.323376
4 -3.423826 -0.213615
4 -1.006018 -2.702932
4 -4.567122 -3.538277
4 -5.228458 -2.310252
4 -0.361453 -6.416855
4 -3.504423 -2.105369
4 -2.326023 0.488342
4 -8.096659 -0.175660
4 -0.127911 1.129402
4 -5.385986 0.268045
4 -3.976171 -5.092710
4 -2.227902 -5.199835
4 -3.039205 -3.253808
4 -3.441247 -0.693641
4 -0.886106 -4.040060
4 -3.260756 -1.320698
4 1.002235 -1.550212
4 -2.075262 -7.280582
4 -6.410434 -3.456040
4 -0.920953 1.307914
4 -6.142639 -4.610824
4 -1.713536 -4.100474
4 -3.947054 -5.422218
4 -5.906417 0.252449
4 -0.284623 -1.667501
4 -2.896904 -0.272980
4 -2.849717 -1.536192
4 -1.303726 -4.637186
4 -2.625908 -7.429279
5 4.723217 -4.832183
5 3.012012 -0.274477
5 3.128361 -3.639000
5 3.504951 -4.996233
5 1.814832 -1.585677
5 1.528564 -1.445492
5 2.352503 -3.596846
5 3.913472 -2.840950
5 5.558015 -3.954595
5 2.935703 -5.062015
5 2.215474 -5.612320
5 2.475755 -3.455631
5 2.882339 -4.123175
5 3.124984 -4.965527
5 2.608347 -3.550894
5 1.867096 -4.907705
5 3.788598 -3.609378
5 2.746920 -5.680148
5 3.465884 -2.956755
5 2.969384 0.276397
5 4.554879 -6.713787
5 1.658853 -0.432739
5 2.643939 -4.888564
5 3.158037 -2.266475
5 3.413250 -5.659898
5 2.834032 -5.030896
5 2.431054 -1.210347
5 2.732345 -2.442541
5 3.287580 -3.394656
5 3.054590 -2.074253
5 3.016964 -2.457040
5 1.859145 -2.945224
5 3.199896 2.151077
5 2.680328 -4.408955
5 2.671480 -2.803960
5 4.347295 -4.487297
5 4.640516 -3.500320
5 1.588039 -5.282488
5 4.256533 -6.006365
5 2.785862 -4.026158
5 1.436288 1.654989
5 3.894400 -2.543846
5 2.609849 -0.179863
5 4.262548 -3.157336
5 3.246351 -3.116048
5 0.089884 -0.649937
5 1.297366 0.243367
5 1.892866 -4.581824
5 3.935706 0.236428
5 1.606656 -4.918911
5 1.694230 -5.475548
5 3.428840 -5.125276
5 4.090922 -1.965159
5 3.403586 -6.906049
5 3.162868 -3.312543
5 3.006361 -0.313953
5 0.919415 -4.572498
5 3.019743 -2.810133
5 2.774561 -2.505208
5 3.669016 -5.007802
5 3.845171 1.019841
5 3.769287 -2.926542
5 3.108645 -6.689714
5 3.235028 -3.473241
5 2.118002 0.653301
5 2.323295 -2.016565
5 3.504142 -2.631828
5 3.692983 -6.804829
5 2.159388 -5.198779
5 2.769140 0.618764
5 2.901979 -4.203289
5 2.066894 -7.172791
5 3.095220 -1.489288
5 4.869801 -6.309730
5 3.198841 -0.591094
5 3.445288 -4.937178
5 2.421226 -1.933573
5 0.980774 -4.412842
5 2.715880 -3.161773
5 5.130131 -3.309514
5 4.411891 2.533278
5 2.842702 -4.945309
5 2.998900 -3.964212
5 3.404541 2.365538
5 2.951177 -2.970582
5 3.046036 -1.777363
5 4.725993 -4.284023
5 4.208443 -1.815488
5 2.437721 -7.901284
5 2.985373 -5.629459
5 3.172909 1.760188
5 2.266211 -1.321689
5 2.051617 -7.498743
5 3.359519 -3.419091
5 2.298062 -3.272082
5 1.308213 -1.398988
5 2.859350 -3.123303
5 1.590705 -2.159328
5 2.800969 -2.143636
5 5.586790 -5.978521
